              1             231             462
              1              32              64
              1             400             800
              1             123             246
              1              90             180
              1              32              64
              1             432             864
              1              99             198
              1              76             152
              1              34              68
              1              90             180
              1             123             246
              1              23              46
              1             300             600
              1             324             648
              1             500            1000
              1             321             642
              1             400             800
              1             324             648
              1             132             264
              1             400             800
              1             600            1200
              1             123             246
              1             321             642
              1              32              64
              1             333             666
              1             444             888
              1             555            1110
              1             111             222
              1             222             444
              1             333             666
